10000


7313
8839 
735 
7533
8362
13429
4909
10450
6755
9728
9978
10383
5857
11061
6805
8795
4354
9526
10148
8519
6699
11717
6870
12166
5888
6876
8122
8234
7739
10412



11759
14289
16951
6898
8859
51642
41389
23759
10202
9154
23104
13375
7575
7612
3060
9470
7108
3188
3505
10863
29073
6970
3667
9660 
10660
10491
13049
6748
6134
4383










200000



4844
5712
6797
6808
5671
6296
6812
6836
7540
5184
6254
7109
6711
8190
6792
6811
6061
6283
6391
5508
6093
5245
5859
7550
6890
6257
6921
5099
5185
5871


27404
64473
12932
14657
25281
13344
27401
26172
16285
29992
33353
42018
40170
31068
45252
18112
30248
37411
45507
16206
64954
34715
41418
40117
64656
68310
59800
36540
65877